Temperature	Pressure	Frequency	Sound Pressure Level
63.9138	0.0222	500	22.8779
63.9138	0.0222	630	22.156
63.9138	0.0222	800	22.2277
63.9138	0.0222	1000	21.9869
63.9138	0.0222	1250	21.9085
63.9138	0.0222	1600	21.8044
63.9138	0.0222	2000	22.217
63.9138	0.0222	2500	22.5474
63.9138	0.0222	3150	22.7968
63.9138	0.0222	4000	23.4149
63.9138	0.0222	5000	24.011
63.9138	0.0222	6300	24.6341
63.9138	0.0222	8000	25.2551
63.9138	0.0222	10000	25.9405
63.9138	0.0222	12500	26.5423
63.9138	0.0222	16000	27.3196
63.9138	0.0222	20000	28.176
63.9138	0.0222	25000	29.0118
63.9138	0.0222	31500	30.0488
63.9138	0.0222	40000	49.4112
63.9138	0.0222	50000	32.5456
63.9138	0.0222	63000	33.9764
63.9138	0.0222	80000	45.6211
63.9091	0.7533	500	26.2091
63.9091	0.7533	630	28.5007
63.9091	0.7533	800	30.8502
63.9091	0.7533	1000	33.5049
63.9091	0.7533	1250	34.6901
63.9091	0.7533	1600	37.4739
63.9091	0.7533	2000	40.0651
63.9091	0.7533	2500	38.5044
63.9091	0.7533	3150	40.798
63.9091	0.7533	4000	43.7908
63.9091	0.7533	5000	45.1113
63.9091	0.7533	6300	46.8297
63.9091	0.7533	8000	48.1396
63.9091	0.7533	10000	50.6629
63.9091	0.7533	12500	53.6418
63.9091	0.7533	16000	57.7168
63.9091	0.7533	20000	62.5837
63.9091	0.7533	25000	66.4223
63.9091	0.7533	31500	69.1965
63.9091	0.7533	40000	66.2918
63.9091	0.7533	50000	59.6852
63.9091	0.7533	63000	58.6077
63.9091	0.7533	80000	65.544
63.716	1.0372	500	27.3487
63.716	1.0372	630	29.3252
63.716	1.0372	800	31.8479
63.716	1.0372	1000	34.4236
63.716	1.0372	1250	36.0852
63.716	1.0372	1600	39.5344
63.716	1.0372	2000	42.0475
63.716	1.0372	2500	40.5966
63.716	1.0372	3150	43.1552
63.716	1.0372	4000	46.5986
63.716	1.0372	5000	47.8602
63.716	1.0372	6300	49.0571
63.716	1.0372	8000	50.0499
63.716	1.0372	10000	51.8244
63.716	1.0372	12500	54.2756
63.716	1.0372	16000	57.8754
63.716	1.0372	20000	63.1243
63.716	1.0372	25000	68.1741
63.716	1.0372	31500	72.0885
63.716	1.0372	40000	70.4705
63.716	1.0372	50000	64.4522
63.716	1.0372	63000	62.1151
63.716	1.0372	80000	67.7494
63.6863	1.817	500	29.2471
63.6863	1.817	630	31.169
63.6863	1.817	800	33.0845
63.6863	1.817	1000	36.1874
63.6863	1.817	1250	38.6623
63.6863	1.817	1600	42.688
63.6863	1.817	2000	45.2458
63.6863	1.817	2500	43.5295
63.6863	1.817	3150	46.7884
63.6863	1.817	4000	51.0978
63.6863	1.817	5000	52.9652
63.6863	1.817	6300	54.4771
63.6863	1.817	8000	55.6349
63.6863	1.817	10000	56.4727
63.6863	1.817	12500	58.1494
63.6863	1.817	16000	60.6498
63.6863	1.817	20000	65.5226
63.6863	1.817	25000	71.3688
63.6863	1.817	31500	76.0542
63.6863	1.817	40000	76.4143
63.6863	1.817	50000	72.398
63.6863	1.817	63000	69.8214
63.6863	1.817	80000	72.7395
63.6171	2.1351	500	29.7063
63.6171	2.1351	630	31.4161
63.6171	2.1351	800	33.449
63.6171	2.1351	1000	36.781
63.6171	2.1351	1250	39.3793
63.6171	2.1351	1600	43.6124
63.6171	2.1351	2000	46.056
63.6171	2.1351	2500	44.4835
63.6171	2.1351	3150	47.8497
63.6171	2.1351	4000	52.4375
63.6171	2.1351	5000	54.4102
63.6171	2.1351	6300	56.1425
63.6171	2.1351	8000	57.5299
63.6171	2.1351	10000	58.2645
63.6171	2.1351	12500	59.9079
63.6171	2.1351	16000	62.0735
63.6171	2.1351	20000	66.4637
63.6171	2.1351	25000	72.4224
63.6171	2.1351	31500	77.3187
63.6171	2.1351	40000	78.0643
63.6171	2.1351	50000	74.5328
63.6171	2.1351	63000	72.2025
63.6171	2.1351	80000	74.714
63.4898	3.1736	500	31.748
63.4898	3.1736	630	33.3653
63.4898	3.1736	800	35.1955
63.4898	3.1736	1000	38.7959
63.4898	3.1736	1250	41.4469
63.4898	3.1736	1600	45.4991
63.4898	3.1736	2000	47.6992
63.4898	3.1736	2500	46.8729
63.4898	3.1736	3150	50.211
63.4898	3.1736	4000	55.2818
63.4898	3.1736	5000	57.7516
63.4898	3.1736	6300	59.8779
63.4898	3.1736	8000	61.814
63.4898	3.1736	10000	62.7144
63.4898	3.1736	12500	64.2423
63.4898	3.1736	16000	65.7813
63.4898	3.1736	20000	68.9051
63.4898	3.1736	25000	74.3878
63.4898	3.1736	31500	79.4905
63.4898	3.1736	40000	80.7047
63.4898	3.1736	50000	78.5767
63.4898	3.1736	63000	77.3342
63.4898	3.1736	80000	79.5173
63.3048	4.7566	500	34.9346
63.3048	4.7566	630	35.8382
63.3048	4.7566	800	37.3511
63.3048	4.7566	1000	41.6457
63.3048	4.7566	1250	45.1282
63.3048	4.7566	1600	48.9618
63.3048	4.7566	2000	51.2058
63.3048	4.7566	2500	50.6078
63.3048	4.7566	3150	54.4447
63.3048	4.7566	4000	59.1678
63.3048	4.7566	5000	61.7712
63.3048	4.7566	6300	64.2397
63.3048	4.7566	8000	66.7591
63.3048	4.7566	10000	68.0133
63.3048	4.7566	12500	69.4841
63.3048	4.7566	16000	70.8874
63.3048	4.7566	20000	73.3114
63.3048	4.7566	25000	77.8493
63.3048	4.7566	31500	82.8881
63.3048	4.7566	40000	83.8923
63.3048	4.7566	50000	82.9972
63.3048	4.7566	63000	82.5595
63.3048	4.7566	80000	85.0075
63.0375	6.4328	500	37.4154
63.0375	6.4328	630	37.7238
63.0375	6.4328	800	39.4052
63.0375	6.4328	1000	43.7178
63.0375	6.4328	1250	46.851
63.0375	6.4328	1600	50.2054
63.0375	6.4328	2000	52.3543
63.0375	6.4328	2500	51.7854
63.0375	6.4328	3150	55.5738
63.0375	6.4328	4000	60.5855
63.0375	6.4328	5000	63.7193
63.0375	6.4328	6300	66.2152
63.0375	6.4328	8000	69.2343
63.0375	6.4328	10000	70.838
63.0375	6.4328	12500	72.5024
63.0375	6.4328	16000	73.8398
63.0375	6.4328	20000	75.8987
63.0375	6.4328	25000	79.1304
63.0375	6.4328	31500	83.4103
63.0375	6.4328	40000	84.4042
63.0375	6.4328	50000	84.4453
63.0375	6.4328	63000	85.776
63.0375	6.4328	80000	88.588
62.7669	9.0151	500	40.2097
62.7669	9.0151	630	40.6777
62.7669	9.0151	800	41.9527
62.7669	9.0151	1000	45.9871
62.7669	9.0151	1250	48.6014
62.7669	9.0151	1600	51.5513
62.7669	9.0151	2000	53.2915
62.7669	9.0151	2500	53.3696
62.7669	9.0151	3150	56.4638
62.7669	9.0151	4000	61.1106
62.7669	9.0151	5000	64.1514
62.7669	9.0151	6300	67.2857
62.7669	9.0151	8000	71.0552
62.7669	9.0151	10000	73.3273
62.7669	9.0151	12500	75.7605
62.7669	9.0151	16000	77.7941
62.7669	9.0151	20000	80.1006
62.7669	9.0151	25000	82.4289
62.7669	9.0151	31500	85.4441
62.7669	9.0151	40000	87.1709
62.7669	9.0151	50000	87.5514
62.7669	9.0151	63000	88.6124
62.7669	9.0151	80000	91.4433
62.3725	12.6762	500	43.418
62.3725	12.6762	630	43.9744
62.3725	12.6762	800	44.9862
62.3725	12.6762	1000	49.205
62.3725	12.6762	1250	51.4205
62.3725	12.6762	1600	53.8826
62.3725	12.6762	2000	55.4641
62.3725	12.6762	2500	55.8057
62.3725	12.6762	3150	58.4792
62.3725	12.6762	4000	62.9695
62.3725	12.6762	5000	65.4533
62.3725	12.6762	6300	68.211
62.3725	12.6762	8000	72.0291
62.3725	12.6762	10000	74.6046
62.3725	12.6762	12500	78.2708
62.3725	12.6762	16000	80.2652
62.3725	12.6762	20000	83.2204
62.3725	12.6762	25000	86.09
62.3725	12.6762	31500	88.5884
62.3725	12.6762	40000	90.7195
62.3725	12.6762	50000	91.568
62.3725	12.6762	63000	92.5921
62.3725	12.6762	80000	94.7116
61.6595	18.0123	500	46.3356
61.6595	18.0123	630	47.0162
61.6595	18.0123	800	48.4489
61.6595	18.0123	1000	52.6511
61.6595	18.0123	1250	54.1616
61.6595	18.0123	1600	56.0938
61.6595	18.0123	2000	57.4256
61.6595	18.0123	2500	58.4914
61.6595	18.0123	3150	60.9804
61.6595	18.0123	4000	65.4091
61.6595	18.0123	5000	67.7156
61.6595	18.0123	6300	70.5334
61.6595	18.0123	8000	74.4185
61.6595	18.0123	10000	77.1237
61.6595	18.0123	12500	80.5158
61.6595	18.0123	16000	83.348
61.6595	18.0123	20000	86.4815
61.6595	18.0123	25000	89.6091
61.6595	18.0123	31500	92.3311
61.6595	18.0123	40000	94.8642
61.6595	18.0123	50000	96.1214
61.6595	18.0123	63000	98.1551
61.6595	18.0123	80000	100.293
61.0005	25.2775	500	49.8775
61.0005	25.2775	630	50.8608
61.0005	25.2775	800	52.0781
61.0005	25.2775	1000	56.6542
61.0005	25.2775	1250	57.7975
61.0005	25.2775	1600	59.3338
61.0005	25.2775	2000	60.3374
61.0005	25.2775	2500	61.5607
61.0005	25.2775	3150	64.4199
61.0005	25.2775	4000	68.5826
61.0005	25.2775	5000	70.399
61.0005	25.2775	6300	72.6898
61.0005	25.2775	8000	77.2306
61.0005	25.2775	10000	79.5872
61.0005	25.2775	12500	83.0594
61.0005	25.2775	16000	85.8111
61.0005	25.2775	20000	89.3382
61.0005	25.2775	25000	93.1563
61.0005	25.2775	31500	96.3793
61.0005	25.2775	40000	99.0522
61.0005	25.2775	50000	100.8059
61.0005	25.2775	63000	101.8002
61.0005	25.2775	80000	103.5036
87.3093	0.9234	500	26.3927
87.3093	0.9234	630	29.1224
87.3093	0.9234	800	31.1228
87.3093	0.9234	1000	33.9425
87.3093	0.9234	1250	35.4712
87.3093	0.9234	1600	38.7968
87.3093	0.9234	2000	41.2538
87.3093	0.9234	2500	39.8774
87.3093	0.9234	3150	42.2071
87.3093	0.9234	4000	45.3768
87.3093	0.9234	5000	46.7612
87.3093	0.9234	6300	47.9065
87.3093	0.9234	8000	49.2744
87.3093	0.9234	10000	51.2898
87.3093	0.9234	12500	54.008
87.3093	0.9234	16000	57.7968
87.3093	0.9234	20000	62.7975
87.3093	0.9234	25000	67.7566
87.3093	0.9234	31500	71.5622
87.3093	0.9234	40000	69.7752
87.3093	0.9234	50000	63.6994
87.3093	0.9234	63000	61.023
87.3093	0.9234	80000	67.11
87.3056	1.1951	500	27.1554
87.3056	1.1951	630	29.8623
87.3056	1.1951	800	32.0308
87.3056	1.1951	1000	34.8384
87.3056	1.1951	1250	36.6665
87.3056	1.1951	1600	40.0912
87.3056	1.1951	2000	42.5958
87.3056	1.1951	2500	41.0707
87.3056	1.1951	3150	43.7062
87.3056	1.1951	4000	47.6041
87.3056	1.1951	5000	48.9226
87.3056	1.1951	6300	50.164
87.3056	1.1951	8000	51.3655
87.3056	1.1951	10000	52.8804
87.3056	1.1951	12500	55.1424
87.3056	1.1951	16000	58.3771
87.3056	1.1951	20000	63.4067
87.3056	1.1951	25000	69.0272
87.3056	1.1951	31500	73.4902
87.3056	1.1951	40000	72.8254
87.3056	1.1951	50000	67.5184
87.3056	1.1951	63000	64.3702
87.3056	1.1951	80000	69.1269
87.9339	2.2521	500	30.1353
87.9339	2.2521	630	31.9449
87.9339	2.2521	800	33.69
87.9339	2.2521	1000	36.9108
87.9339	2.2521	1250	39.4199
87.9339	2.2521	1600	43.7861
87.9339	2.2521	2000	46.1806
87.9339	2.2521	2500	44.5215
87.9339	2.2521	3150	47.7328
87.9339	2.2521	4000	52.4049
87.9339	2.2521	5000	54.3083
87.9339	2.2521	6300	56.3485
87.9339	2.2521	8000	58.0945
87.9339	2.2521	10000	58.9733
87.9339	2.2521	12500	60.5945
87.9339	2.2521	16000	62.6573
87.9339	2.2521	20000	66.6472
87.9339	2.2521	25000	72.6915
87.9339	2.2521	31500	77.9196
87.9339	2.2521	40000	79.0312
87.9339	2.2521	50000	75.9007
87.9339	2.2521	63000	73.4884
87.9339	2.2521	80000	75.8255
87.2348	4.6638	500	34.5105
87.2348	4.6638	630	35.5601
87.2348	4.6638	800	36.917
87.2348	4.6638	1000	41.0787
87.2348	4.6638	1250	44.5161
87.2348	4.6638	1600	48.4891
87.2348	4.6638	2000	50.8371
87.2348	4.6638	2500	50.2458
87.2348	4.6638	3150	53.7485
87.2348	4.6638	4000	58.7732
87.2348	4.6638	5000	61.2639
87.2348	4.6638	6300	63.895
87.2348	4.6638	8000	66.4365
87.2348	4.6638	10000	67.806
87.2348	4.6638	12500	69.3411
87.2348	4.6638	16000	70.7959
87.2348	4.6638	20000	73.0749
87.2348	4.6638	25000	77.4912
87.2348	4.6638	31500	83.1129
87.2348	4.6638	40000	84.3415
87.2348	4.6638	50000	83.8286
87.2348	4.6638	63000	83.258
87.2348	4.6638	80000	85.5914
86.3137	8.9062	500	39.7843
86.3137	8.9062	630	40.607
86.3137	8.9062	800	41.859
86.3137	8.9062	1000	45.6073
86.3137	8.9062	1250	48.392
86.3137	8.9062	1600	51.5382
86.3137	8.9062	2000	53.5177
86.3137	8.9062	2500	53.5987
86.3137	8.9062	3150	56.637
86.3137	8.9062	4000	61.4151
86.3137	8.9062	5000	64.7165
86.3137	8.9062	6300	67.6052
86.3137	8.9062	8000	71.729
86.3137	8.9062	10000	74.0947
86.3137	8.9062	12500	76.3937
86.3137	8.9062	16000	78.4443
86.3137	8.9062	20000	80.6588
86.3137	8.9062	25000	82.9809
86.3137	8.9062	31500	86.1414
86.3137	8.9062	40000	88.0194
86.3137	8.9062	50000	88.5132
86.3137	8.9062	63000	89.5172
86.3137	8.9062	80000	92.4172
86.8915	17.9325	500	46.8877
86.8915	17.9325	630	47.717
86.8915	17.9325	800	48.5931
86.8915	17.9325	1000	52.2275
86.8915	17.9325	1250	54.5583
86.8915	17.9325	1600	56.4261
86.8915	17.9325	2000	58.0907
86.8915	17.9325	2500	58.7176
86.8915	17.9325	3150	61.2088
86.8915	17.9325	4000	65.8574
86.8915	17.9325	5000	68.4627
86.8915	17.9325	6300	71.1573
86.8915	17.9325	8000	75.428
86.8915	17.9325	10000	77.9823
86.8915	17.9325	12500	81.1024
86.8915	17.9325	16000	83.964
86.8915	17.9325	20000	87.0577
86.8915	17.9325	25000	90.026
86.8915	17.9325	31500	93.2684
86.8915	17.9325	40000	94.9068
86.8915	17.9325	50000	96.0444
86.8915	17.9325	63000	97.9163
86.8915	17.9325	80000	100.0642
74.1579	17.8714	500	47.0397
74.1579	17.8714	630	47.4788
74.1579	17.8714	800	48.6345
74.1579	17.8714	1000	52.3462
74.1579	17.8714	1250	54.2897
74.1579	17.8714	1600	56.0951
74.1579	17.8714	2000	57.8056
74.1579	17.8714	2500	58.4765
74.1579	17.8714	3150	61.4453
74.1579	17.8714	4000	65.9255
74.1579	17.8714	5000	68.6378
74.1579	17.8714	6300	70.9927
74.1579	17.8714	8000	76.3906
74.1579	17.8714	10000	77.8046
74.1579	17.8714	12500	81.1639
74.1579	17.8714	16000	83.8086
74.1579	17.8714	20000	87.1349
74.1579	17.8714	25000	89.9421
74.1579	17.8714	31500	92.6976
74.1579	17.8714	40000	95.2384
74.1579	17.8714	50000	96.5392
74.1579	17.8714	63000	98.5924
74.1579	17.8714	80000	100.795
74.1394	9.0314	500	39.9498
74.1394	9.0314	630	40.7912
74.1394	9.0314	800	41.664
74.1394	9.0314	1000	45.8011
74.1394	9.0314	1250	48.294
74.1394	9.0314	1600	51.9085
74.1394	9.0314	2000	53.7451
74.1394	9.0314	2500	53.7639
74.1394	9.0314	3150	56.8608
74.1394	9.0314	4000	61.612
74.1394	9.0314	5000	64.5901
74.1394	9.0314	6300	67.563
74.1394	9.0314	8000	71.5335
74.1394	9.0314	10000	73.9223
74.1394	9.0314	12500	76.2878
74.1394	9.0314	16000	78.2707
74.1394	9.0314	20000	80.4126
74.1394	9.0314	25000	82.6202
74.1394	9.0314	31500	85.7364
74.1394	9.0314	40000	87.5558
74.1394	9.0314	50000	88.1107
74.1394	9.0314	63000	89.1319
74.1394	9.0314	80000	91.9592
74.2161	4.6727	500	34.4667
74.2161	4.6727	630	35.6499
74.2161	4.6727	800	37.3512
74.2161	4.6727	1000	41.5126
74.2161	4.6727	1250	44.736
74.2161	4.6727	1600	48.8247
74.2161	4.6727	2000	51.0779
74.2161	4.6727	2500	50.4348
74.2161	4.6727	3150	54.1434
74.2161	4.6727	4000	59.0968
74.2161	4.6727	5000	61.7528
74.2161	4.6727	6300	64.1878
74.2161	4.6727	8000	66.7402
74.2161	4.6727	10000	68.0426
74.2161	4.6727	12500	69.6018
74.2161	4.6727	16000	71.029
74.2161	4.6727	20000	73.2056
74.2161	4.6727	25000	77.7624
74.2161	4.6727	31500	83.0679
74.2161	4.6727	40000	84.1297
74.2161	4.6727	50000	83.4683
74.2161	4.6727	63000	82.9733
74.2161	4.6727	80000	85.2805
74.2959	2.2316	500	30.1942
74.2959	2.2316	630	32.4167
74.2959	2.2316	800	33.6418
74.2959	2.2316	1000	36.9377
74.2959	2.2316	1250	39.5095
74.2959	2.2316	1600	43.7988
74.2959	2.2316	2000	46.3324
74.2959	2.2316	2500	44.5538
74.2959	2.2316	3150	47.844
74.2959	2.2316	4000	52.3956
74.2959	2.2316	5000	54.3802
74.2959	2.2316	6300	56.2849
74.2959	2.2316	8000	57.7557
74.2959	2.2316	10000	58.6108
74.2959	2.2316	12500	60.1623
74.2959	2.2316	16000	62.1049
74.2959	2.2316	20000	66.322
74.2959	2.2316	25000	72.3482
74.2959	2.2316	31500	77.4305
74.2959	2.2316	40000	78.4054
74.2959	2.2316	50000	75.1776
74.2959	2.2316	63000	72.8314
74.2959	2.2316	80000	75.2106
74.4944	1.09	500	27.5164
74.4944	1.09	630	29.994
74.4944	1.09	800	31.5491
74.4944	1.09	1000	34.4126
74.4944	1.09	1250	36.1662
74.4944	1.09	1600	40.0521
74.4944	1.09	2000	42.2079
74.4944	1.09	2500	40.6783
74.4944	1.09	3150	43.266
74.4944	1.09	4000	46.8237
74.4944	1.09	5000	48.1382
74.4944	1.09	6300	49.2648
74.4944	1.09	8000	50.3892
74.4944	1.09	10000	52.1297
74.4944	1.09	12500	54.3669
74.4944	1.09	16000	57.9131
74.4944	1.09	20000	63.1223
74.4944	1.09	25000	68.4838
74.4944	1.09	31500	72.6587
74.4944	1.09	40000	71.4029
74.4944	1.09	50000	65.7215
74.4944	1.09	63000	62.8251
74.4944	1.09	80000	68.2241
